   0.000    0.000    0.000
   1.900    0.000    0.000
   3.800    0.000    0.000
   4.568    1.206    0.000
   3.800   -1.216   -1.460
   3.800   -2.432   -2.919
   3.994   -1.295   -3.748
   2.084   -3.059   -2.397
   0.368   -3.686   -1.875
  -2.627   -4.289   -3.996
   0.604   -2.903   -0.160
   0.840   -2.120    1.555
   0.121    0.268    2.215
   2.350   -3.233    1.856
   3.861   -4.346    2.156
   4.576   -4.202    1.909
   3.111   -5.670    1.018
   2.362   -6.995   -0.119
   3.593   -8.184   -3.422
   0.630   -6.586    0.547
  -1.102   -6.178    1.213
  -1.528   -5.572    1.003
  -0.357   -5.799    2.919
   0.388   -5.421    4.625
   0.818   -4.806    4.796
   1.554   -6.910    4.446
   2.720   -8.400    4.268
   6.439   -8.439    4.188
   1.393   -9.318    3.264
   0.067  -10.236    2.261
  -0.166  -10.046    1.551
  -1.264   -9.647    3.482
  -2.595   -9.059    4.704
  -2.926   -8.363    4.700
  -1.318   -9.086    6.109
  -0.040   -9.113    7.515
  -0.341   -9.694    8.730
   0.673   -7.463    6.899
   1.386   -5.814    6.282
