   0.000    0.000    0.000
   1.900    0.000    0.000
   3.800    0.000    0.000
   4.568    1.206    0.000
   3.800   -1.216   -1.460
   3.800   -2.432   -2.919
   4.154   -1.320   -3.727
   2.002   -2.903   -2.527
   0.203   -3.374   -2.135
  -2.913   -2.245   -3.824
   0.668   -3.628   -0.310
   1.132   -3.883    1.514
   0.578   -2.252    3.435
   2.629   -4.927    0.988
   4.127   -5.972    0.461
   4.802   -5.691    0.218
   3.169   -6.575   -1.065
   2.211   -7.178   -2.591
   2.976   -6.607   -6.187
   0.597   -7.148   -1.590
  -1.018   -7.118   -0.589
  -1.393   -6.482   -0.369
  -0.091   -7.795    0.926
   0.835   -8.472    2.440
   1.316   -8.067    2.885
   1.888   -9.572    1.304
   2.940  -10.673    0.168
   6.613  -10.565   -0.416
   1.451  -10.902   -0.990
  -0.038  -11.131   -2.148
  -0.352  -10.579   -2.583
  -1.167  -11.395   -0.643
  -2.297  -11.660    0.862
  -2.628  -11.100    1.273
  -0.816  -12.311    1.859
   0.665  -12.963    2.855
   0.474  -13.814    3.925
   1.608  -11.351    2.508
   2.551   -9.739    2.161
